1.913158048409968615e-04
1.816650001273956150e-05
1.762226384016685188e-05
1.720114596537314355e-05
1.682905531197320670e-05
1.648805846343748271e-05
1.613352651474997401e-05
1.586732287250924855e-05
1.555603193992283195e-05
1.527677886770106852e-05
1.498907931818393990e-05
1.474111741117667407e-05
1.448789589630905539e-05
1.423374305886682123e-05
1.397341020492604002e-05
1.378342039970448241e-05
1.353732022835174575e-05
1.332905867457157001e-05
1.310764582740375772e-05
1.290551062993472442e-05
1.271035034733358771e-05
1.253390291822142899e-05
1.234251340065384284e-05
1.213770065078279004e-05
1.194894684886094183e-05
1.178413731395266950e-05
1.163561591965844855e-05
1.144829639088129625e-05
1.129832526203244925e-05
1.114879523811396211e-05
1.097181939258007333e-05
1.080289712263038382e-05
1.069898280547931790e-05
1.053109008353203535e-05
1.040162896970286965e-05
1.027293455990729854e-05
1.015287580230506137e-05
1.004099249257706106e-05
9.924507139658089727e-06
9.805467925616540015e-06
9.694409527583047748e-06
9.601634701539296657e-06
9.501691238256171346e-06
9.400180715601891279e-06
9.303518709202762693e-06
9.237838639819528908e-06
9.120937647821847349e-06
9.049522304849233478e-06
8.967917892732657492e-06
8.884936505637597293e-06
