3.452521562576293945e-02
3.109242208302021027e-02
2.800440602004528046e-02
2.520233392715454102e-02
2.265016920864582062e-02
2.032040990889072418e-02
1.819173432886600494e-02
1.624665036797523499e-02
1.447191741317510605e-02
1.285493932664394379e-02
1.138490159064531326e-02
1.005208026617765427e-02
8.847686462104320526e-03
7.763108704239130020e-03
6.790023762732744217e-03
5.920145660638809204e-03
5.145832896232604980e-03
4.459301941096782684e-03
3.852958325296640396e-03
3.319693030789494514e-03
2.852385398000478745e-03
2.444690559059381485e-03
2.090272260829806328e-03
1.783251645974814892e-03
1.518109696917235851e-03
1.290085609070956707e-03
1.094449311494827271e-03
9.271899471059441566e-04
7.845452637411653996e-04
6.632175645790994167e-04
5.602689925581216812e-04
4.731193475890904665e-04
3.994881699327379465e-04
3.374062071088701487e-04
2.851692261174321175e-04
2.412736357655376196e-04
2.044470165856182575e-04
1.736019476084038615e-04
1.477914775023236871e-04
1.262181322090327740e-04
1.082034941646270454e-04
9.317207150161266327e-05
8.064316352829337120e-05
7.020401972113177180e-05
6.151129491627216339e-05
5.427558062365278602e-05
4.825320138479582965e-05
4.324224573792889714e-05
3.906680649379268289e-05
3.558772732503712177e-05
