3.160426858812570572e-04
3.336017471156083047e-05
2.587387643870897591e-05
2.594018769741524011e-05
2.504259100533090532e-05
2.084773950628004968e-05
1.915879147418309003e-05
1.778859586920589209e-05
1.913219421112444252e-05
1.917002919071819633e-05
1.727004382701124996e-05
1.735061414365191013e-05
1.409460128343198448e-05
1.353172228846233338e-05
1.462149612052598968e-05
1.497488119639456272e-05
1.407265608577290550e-05
1.314088331128004938e-05
1.411830726283369586e-05
1.375169722450664267e-05
1.370212612528121099e-05
1.375574720441363752e-05
1.239997254742775112e-05
1.431502914783777669e-05
1.305328441958408803e-05
1.247030104423174635e-05
1.343397434538928792e-05
1.260086628462886438e-05
1.281380173168145120e-05
1.400614746671635658e-05
1.333297859673621133e-05
1.374128714815014973e-05
1.364084801025455818e-05
1.357150267722317949e-05
1.296320442634169012e-05
1.223971685249125585e-05
1.117587817134335637e-05
1.312993663304951042e-05
1.121833156503271312e-05
1.126777442550519481e-05
1.231468468176899478e-05
1.149415311374468729e-05
1.043227712216321379e-05
1.116848761739674956e-05
1.035077184496913105e-05
1.258256725122919306e-05
1.172088195744436234e-05
1.201584836962865666e-05
1.231016813107999042e-05
1.102693659049691632e-05
